30
0 3
3 10
13 8
21 6
27 3
30 6
36 3
39 3
42 9
51 4
55 5
60 9
69 7
76 8
84 4
88 9
97 9
106 7
113 5
118 7
125 5
130 3
133 4
137 6
143 6
149 8
157 3
160 4
164 8
172 8
0
180
13 6
17 3
28 7
3 15
6 4
8 13
12 17
15 12
19 16
21 11
23 9
24 1
25 7
8 19
9 10
11 5
13 13
14 17
16 19
17 5
28 2
1 15
8 14
10 20
18 9
20 20
28 18
15 9
18 19
26 16
7 5
12 13
15 4
18 10
19 1
28 5
1 4
17 6
19 15
5 5
16 9
20 3
1 13
2 19
3 14
9 16
12 4
14 7
19 11
24 14
29 19
2 10
8 16
13 18
22 14
3 20
11 15
17 12
19 9
23 1
2 5
10 15
14 2
17 19
18 16
22 16
25 20
26 5
27 11
1 17
5 13
8 4
13 10
17 4
20 7
25 15
0 6
2 13
9 18
12 10
16 7
18 11
27 2
28 8
2 17
8 7
11 2
16 7
1 12
4 9
5 4
16 15
19 2
23 3
24 3
27 7
29 15
2 19
7 9
13 7
14 7
15 15
17 1
21 13
23 10
29 7
0 3
2 5
6 6
10 12
11 19
12 4
16 1
3 9
4 19
5 10
11 16
13 11
1 16
5 1
6 15
8 11
10 9
15 2
20 19
3 20
7 3
12 7
19 19
29 10
1 11
16 13
23 20
9 14
11 16
28 14
29 14
1 9
10 1
15 3
16 10
21 20
29 13
1 1
8 14
15 3
25 15
28 17
29 19
1 7
11 20
12 15
24 15
26 11
27 7
28 6
29 18
4 16
11 5
25 11
11 11
13 2
15 7
25 7
0 7
2 2
3 18
5 5
13 8
22 14
24 17
25 6
8 19
15 15
16 7
20 10
22 14
23 13
24 19
25 18
