300
0 6
6 4
10 9
19 5
24 3
27 3
30 3
33 3
36 8
44 8
52 5
57 10
67 4
71 3
74 4
78 9
87 8
95 5
100 5
105 5
110 3
113 5
118 7
125 6
131 5
136 9
145 10
155 10
165 8
173 3
176 4
180 5
185 7
192 9
201 8
209 5
214 3
217 9
226 10
236 10
246 7
253 7
260 10
270 3
273 9
282 5
287 9
296 3
299 7
306 5
311 5
316 10
326 6
332 3
335 10
345 6
351 4
355 5
360 4
364 6
370 7
377 3
380 9
389 7
396 10
406 3
409 8
417 5
422 8
430 4
434 5
439 6
445 7
452 10
462 7
469 8
477 7
484 6
490 7
497 10
507 5
512 9
521 10
531 5
536 6
542 7
549 5
554 6
560 8
568 5
573 3
576 5
581 8
589 10
599 3
602 8
610 9
619 4
623 9
632 7
639 9
648 8
656 6
662 9
671 8
679 6
685 3
688 5
693 10
703 6
709 9
718 8
726 6
732 9
741 3
744 4
748 5
753 7
760 10
770 9
779 10
789 8
797 5
802 5
807 3
810 9
819 10
829 10
839 4
843 9
852 4
856 6
862 6
868 8
876 6
882 9
891 4
895 4
899 7
906 6
912 8
920 10
930 5
935 10
945 8
953 10
963 6
969 9
978 6
984 10
994 7
1001 6
1007 6
1013 10
1023 7
1030 9
1039 9
1048 5
1053 8
1061 10
1071 4
1075 8
1083 9
1092 6
1098 4
1102 5
1107 7
1114 9
1123 5
1128 3
1131 3
1134 10
1144 4
1148 10
1158 9
1167 7
1174 5
1179 9
1188 6
1194 8
1202 9
1211 5
1216 6
1222 5
1227 7
1234 9
1243 10
1253 10
1263 7
1270 7
1277 4
1281 5
1286 4
1290 9
1299 7
1306 10
1316 5
1321 5
1326 10
1336 8
1344 6
1350 3
1353 9
1362 9
1371 6
1377 8
1385 7
1392 9
1401 9
1410 9
1419 7
1426 3
1429 9
1438 10
1448 8
1456 5
1461 7
1468 3
1471 7
1478 7
1485 9
1494 9
1503 4
1507 6
1513 8
1521 7
1528 7
1535 7
1542 4
1546 6
1552 4
1556 9
1565 7
1572 3
1575 9
1584 10
1594 7
1601 10
1611 7
1618 10
1628 7
1635 8
1643 6
1649 6
1655 6
1661 7
1668 10
1678 8
1686 10
1696 6
1702 13
1715 9
1724 10
1734 9
1743 7
1750 11
1761 9
1770 9
1779 10
1789 7
1796 8
1804 8
1812 8
1820 7
1827 9
1836 10
1846 7
1853 10
1863 7
1870 10
1880 5
1885 8
1893 6
1899 10
1909 9
1918 7
1925 5
1930 7
1937 9
1946 9
1955 6
1961 8
1969 10
1979 11
1990 7
1997 9
2006 9
2015 8
2023 7
2030 6
2036 9
2045 6
2051 10
2061 9
2070 7
2077 7
2084 11
2095 6
2101 11
2112 8
0
2120
221 5
222 1
243 19
254 12
269 11
283 15
90 14
111 4
191 11
298 18
24 5
66 16
78 20
84 11
105 8
152 1
181 4
194 1
208 10
4 8
51 11
98 8
235 20
249 4
3 8
99 8
274 9
75 16
172 14
200 8
28 3
148 13
226 2
146 8
234 6
244 4
14 18
16 5
84 13
104 16
106 17
156 10
174 4
285 6
58 20
132 11
142 10
152 1
174 5
187 16
211 11
286 10
35 13
99 17
112 4
157 4
280 2
22 1
29 10
116 3
140 10
141 12
142 5
149 14
195 11
287 9
288 9
17 9
33 1
101 6
125 2
134 5
283 11
286 12
8 18
46 5
199 6
246 3
32 7
41 14
89 6
133 9
134 16
172 6
212 7
252 16
282 15
8 5
35 13
49 20
69 5
172 13
203 9
241 2
242 9
12 9
72 11
124 13
134 20
177 18
59 6
108 4
116 2
120 9
218 9
33 16
49 7
60 20
121 2
226 9
52 12
133 11
140 5
41 14
48 5
75 11
103 2
149 13
11 1
67 4
96 3
108 4
166 18
264 3
271 19
92 11
96 16
236 6
251 3
254 8
263 8
2 5
52 1
89 9
269 12
288 1
29 3
45 7
47 13
77 7
124 14
195 12
203 1
208 1
273 15
34 19
49 4
78 9
91 8
138 15
174 4
180 12
186 6
245 14
257 19
30 12
65 10
69 11
76 6
79 13
83 14
198 17
215 11
274 13
298 6
6 3
74 17
122 20
145 12
210 12
221 20
281 3
297 18
11 10
25 3
91 2
27 12
117 11
178 19
228 16
76 12
129 2
130 8
218 9
228 6
15 7
72 15
98 18
186 5
239 10
253 5
263 18
12 1
19 16
71 1
72 14
131 9
150 8
201 4
202 5
293 17
26 19
109 5
135 10
139 13
140 1
152 3
164 7
262 7
10 13
16 13
255 6
263 13
265 9
101 7
296 5
297 1
40 6
93 12
160 7
168 15
179 2
226 11
237 15
252 6
269 1
48 7
53 10
55 11
90 14
143 11
165 14
171 13
173 1
221 2
292 5
58 14
127 17
139 8
177 11
180 1
184 5
188 9
237 12
266 18
269 10
37 6
148 9
208 2
229 2
237 9
250 17
269 16
15 14
21 14
46 19
76 18
163 10
203 4
236 2
53 17
61 4
72 4
151 8
180 17
204 19
246 3
258 9
279 1
289 7
135 18
254 5
256 9
101 8
112 1
156 12
168 3
179 3
193 13
283 8
286 8
291 5
25 7
98 10
227 17
250 3
286 14
14 5
41 19
95 15
102 7
171 2
216 5
222 4
232 13
257 8
25 13
195 12
267 19
21 5
38 7
107 8
128 13
147 15
177 19
231 4
16 20
19 7
26 4
112 14
163 16
67 5
104 10
138 6
220 7
276 5
3 11
62 10
64 17
115 5
124 14
194 1
199 5
221 5
247 8
284 18
20 12
24 1
141 4
174 14
216 5
295 10
38 10
42 17
111 10
102 11
115 5
151 7
153 15
160 19
163 16
167 6
182 1
193 8
245 19
38 11
140 5
187 3
251 16
255 11
288 2
100 1
160 1
194 20
207 9
107 16
138 15
157 19
254 7
272 11
9 20
39 14
210 8
229 6
18 6
71 10
112 10
169 5
236 16
264 18
19 20
70 11
100 3
112 19
147 15
213 3
219 14
42 4
214 20
258 6
51 10
64 9
102 5
185 6
229 18
249 11
272 5
283 17
297 11
83 20
105 13
138 7
150 12
155 15
208 1
281 5
51 17
62 9
72 11
80 14
115 7
184 11
193 9
222 4
231 11
275 14
27 10
200 11
282 3
2 16
72 18
100 11
132 6
143 18
192 14
209 15
238 20
22 4
50 5
146 18
184 10
257 14
122 12
135 15
175 5
193 20
264 17
285 3
292 4
293 4
16 5
27 11
92 14
285 2
60 11
156 1
212 15
237 4
240 15
33 1
59 10
114 7
122 5
227 10
266 7
17 11
32 15
33 14
42 4
64 11
66 18
93 14
91 2
96 1
110 20
135 19
138 10
203 7
218 13
248 11
266 8
279 20
28 17
163 15
178 7
179 4
205 12
210 11
241 15
5 16
21 11
79 5
196 7
199 3
237 9
273 20
294 4
27 6
31 12
41 18
115 12
162 18
223 9
239 14
25 7
85 9
102 1
227 4
260 7
287 11
2 20
26 9
98 3
108 11
195 7
210 6
239 14
27 13
75 5
112 11
127 3
154 2
185 15
203 17
233 14
252 1
270 4
64 14
123 14
132 5
139 1
183 8
111 12
117 6
122 2
130 6
134 13
190 3
202 17
207 19
283 3
93 15
99 4
187 5
212 12
221 12
232 6
253 10
254 10
268 13
290 8
27 14
63 20
87 16
186 5
241 3
2 11
8 13
98 10
118 12
144 4
173 18
77 9
123 16
142 17
185 4
188 5
213 11
251 1
148 2
149 3
212 2
227 11
267 13
83 16
95 16
98 9
165 19
179 20
287 10
99 14
100 10
134 12
164 7
190 8
209 8
266 17
274 6
15 6
24 9
193 6
196 1
208 19
1 14
38 14
224 10
26 8
29 2
73 2
136 9
278 10
23 11
69 14
128 6
212 15
256 10
271 7
283 17
298 13
37 12
72 14
82 15
122 19
149 6
157 1
175 3
212 3
221 20
255 2
104 11
139 17
204 14
46 15
87 16
110 12
152 14
178 17
234 6
272 9
281 2
22 3
23 16
73 1
156 16
191 4
200 13
210 6
236 13
284 6
135 2
155 13
194 19
266 11
3 8
32 18
45 10
78 3
84 10
87 9
195 11
240 10
269 10
4 8
10 17
82 4
88 14
259 13
261 9
283 12
56 1
60 3
66 11
88 10
113 5
158 19
162 13
258 17
278 15
12 6
36 7
44 8
123 6
142 3
250 13
258 3
294 8
46 7
54 11
62 5
77 1
234 8
278 13
21 2
162 10
174 6
185 20
195 5
223 19
235 4
265 20
274 10
8 16
50 10
94 11
136 15
194 6
224 7
227 1
262 16
2 8
63 13
126 3
169 10
264 9
299 4
8 17
117 2
125 15
48 8
57 16
120 13
165 15
180 15
18 4
22 4
78 11
128 2
180 13
186 7
199 11
205 11
242 13
261 4
34 5
150 20
163 1
212 19
225 13
251 6
73 20
95 12
186 10
193 3
197 10
223 3
264 8
289 8
295 11
1 4
53 10
81 12
153 19
171 11
175 3
227 16
246 11
10 4
44 1
49 14
59 10
60 19
79 11
100 5
123 12
130 4
135 18
136 7
141 14
154 6
159 15
213 17
71 7
154 4
223 14
51 5
54 5
64 7
76 12
11 3
18 2
249 11
255 5
274 1
30 11
81 6
106 2
152 10
193 6
200 13
259 6
84 12
159 17
173 8
186 14
215 3
240 19
241 9
269 11
279 7
295 8
120 3
172 3
181 9
188 16
195 8
204 5
219 1
259 15
295 20
18 9
107 13
119 3
158 20
173 19
183 18
198 3
267 10
285 3
291 8
19 2
135 13
177 4
189 19
193 8
272 6
273 17
291 2
28 20
68 12
71 5
81 2
93 19
80 14
85 16
101 6
113 12
196 20
17 13
25 14
51 14
12 2
106 15
194 20
209 11
225 9
257 8
258 15
268 12
298 16
105 3
151 4
167 19
184 9
186 14
207 1
224 15
248 18
287 17
296 3
39 17
79 3
128 14
134 18
144 1
179 5
196 6
240 6
261 5
289 4
48 13
92 6
108 2
127 14
31 2
135 19
199 2
208 9
237 10
242 11
263 9
281 17
293 2
31 8
81 6
113 4
133 16
33 9
135 18
137 13
163 20
197 1
243 16
9 11
66 6
80 5
167 15
175 16
243 15
15 9
20 11
130 16
179 10
279 18
283 6
288 13
289 11
13 5
15 16
17 20
81 13
88 12
127 18
34 10
43 18
68 15
73 19
97 2
113 18
121 13
129 19
131 18
91 9
104 15
113 7
250 3
131 13
224 3
229 18
263 8
26 15
50 6
57 15
63 7
73 10
161 9
193 2
34 13
39 8
80 1
94 17
145 16
218 13
11 10
20 5
34 1
55 5
146 17
185 13
192 5
259 5
11 12
52 4
113 14
145 18
174 17
185 5
230 5
264 7
280 10
294 9
9 10
11 5
85 17
101 3
168 2
38 11
66 18
181 3
183 7
184 10
185 4
191 3
240 13
261 1
265 5
84 4
127 1
180 2
186 6
187 10
216 3
248 20
262 14
28 12
139 16
141 18
171 20
203 4
231 1
248 13
250 8
271 11
278 12
7 8
67 18
140 17
195 18
230 16
258 12
48 15
60 15
181 12
185 12
206 6
210 5
225 14
249 9
272 16
6 13
40 9
86 2
205 17
258 20
285 11
11 14
21 13
86 3
93 6
161 1
174 5
182 7
221 1
238 8
250 19
33 8
63 12
109 20
162 11
164 17
250 1
287 4
42 8
54 7
126 4
157 5
218 14
227 7
2 1
9 1
34 3
95 14
117 10
212 9
54 15
111 19
165 6
166 11
170 2
214 7
223 20
238 11
252 7
253 20
79 2
113 6
114 4
162 2
191 5
219 17
244 10
63 15
97 13
168 1
203 3
216 18
226 8
243 19
253 13
296 10
8 10
44 12
70 1
96 16
189 1
214 6
219 16
273 8
277 13
10 4
57 19
93 1
151 5
215 4
100 19
120 20
164 16
180 11
191 14
207 18
211 6
247 4
113 15
118 17
160 11
169 12
203 18
229 15
231 14
251 7
269 7
273 12
37 7
54 19
56 1
159 11
138 9
149 1
174 20
182 19
200 20
241 9
273 20
292 5
76 18
100 13
103 10
150 11
154 2
168 6
199 14
271 3
273 20
41 10
49 16
54 16
74 15
109 1
131 20
34 7
88 7
150 17
158 16
38 14
87 19
107 15
153 6
217 18
22 18
153 11
171 2
185 7
213 17
240 4
285 6
54 6
126 19
132 15
174 18
188 19
194 9
216 5
230 15
271 19
37 15
44 3
142 2
155 1
162 6
59 5
105 10
159 12
153 2
265 4
292 8
38 13
46 2
111 11
145 20
166 2
219 16
238 11
251 3
267 20
290 16
5 14
15 6
16 13
119 3
38 1
84 18
118 8
120 19
186 18
202 11
215 1
241 14
256 16
266 16
8 4
9 5
26 4
52 14
103 6
141 17
149 5
161 20
167 18
68 5
93 3
111 3
132 16
217 5
277 17
286 17
198 18
222 17
267 16
275 3
292 16
17 18
39 11
48 19
121 4
179 16
182 7
189 15
202 15
298 16
30 19
74 7
95 17
188 18
255 6
273 15
37 2
44 3
74 4
87 20
127 5
133 10
177 16
232 17
26 12
39 1
42 17
107 15
108 13
144 2
158 11
209 4
281 16
2 4
119 9
143 3
147 12
205 18
54 1
149 7
161 19
177 7
183 5
288 2
80 8
120 18
143 7
182 5
280 6
39 5
64 11
67 10
126 9
143 10
186 13
284 1
62 6
79 15
85 4
103 20
140 13
141 5
143 4
147 12
166 7
26 6
32 5
83 5
108 7
110 10
118 14
126 14
144 6
173 18
184 13
9 16
55 3
82 5
144 10
221 17
234 9
256 11
274 4
297 7
298 17
39 9
85 5
119 16
167 19
178 18
195 13
234 7
121 19
156 1
177 15
210 7
261 17
273 2
285 8
81 3
88 8
212 9
248 8
1 11
96 4
143 3
154 5
158 14
66 14
140 5
203 9
294 20
44 13
54 8
64 9
68 20
89 6
110 3
117 6
121 8
138 2
2 1
51 1
56 20
97 19
104 6
125 20
167 9
11 11
25 12
47 12
78 7
98 11
103 5
119 8
146 18
188 13
204 10
75 7
89 1
123 20
127 6
290 10
110 10
131 1
215 6
216 8
292 6
27 17
120 3
176 18
208 15
217 5
218 8
234 7
237 16
279 7
292 17
14 6
51 5
75 3
108 11
129 2
162 14
204 4
219 3
5 8
65 11
96 13
117 13
161 20
250 17
33 4
220 18
230 12
33 5
81 17
173 11
177 15
256 16
277 11
282 2
296 10
299 17
16 9
25 1
41 4
73 7
79 17
145 4
155 3
159 18
192 9
42 19
94 14
119 5
195 10
199 4
264 18
74 12
108 11
148 17
181 18
225 14
232 7
236 6
284 17
147 6
219 19
228 13
229 7
265 8
278 11
299 7
56 9
81 19
126 1
158 18
242 18
243 3
261 2
264 17
280 2
2 10
25 1
40 2
63 1
89 19
129 9
198 15
234 15
269 7
66 15
88 8
125 11
180 4
218 12
237 5
250 1
269 18
284 7
28 12
58 8
74 11
78 6
96 6
147 5
189 7
9 11
158 6
283 3
15 7
70 15
82 12
86 2
92 15
93 3
109 19
152 9
190 9
60 3
85 11
113 17
166 17
216 14
228 1
231 12
241 5
249 10
296 2
61 20
153 7
156 6
242 11
250 12
260 13
262 6
272 7
27 11
118 3
157 4
173 1
197 6
46 5
52 5
144 3
155 18
167 5
197 8
213 14
165 18
175 5
198 5
18 9
31 9
73 13
139 13
151 14
198 8
209 12
60 14
119 1
154 17
156 16
171 16
199 3
206 19
50 7
201 18
226 13
258 16
263 9
267 2
270 17
288 14
297 18
0 5
28 20
38 2
51 5
82 12
93 20
149 1
187 17
267 11
0 1
46 4
64 4
176 17
76 9
103 19
110 3
114 14
153 20
295 14
90 10
104 7
126 15
137 3
265 7
271 11
280 3
298 5
109 13
125 9
147 14
205 14
238 15
267 11
292 9
6 2
19 9
37 11
155 8
220 13
274 11
279 1
45 17
71 10
77 4
86 11
104 1
111 16
151 7
30 16
31 6
206 13
213 1
40 2
58 6
62 18
137 18
159 15
206 7
141 5
146 16
167 15
201 12
48 4
64 11
145 1
159 14
213 12
250 6
255 3
257 11
261 16
46 13
82 6
179 17
205 7
245 19
274 17
278 19
79 14
237 10
246 1
7 6
95 6
102 8
187 9
188 7
198 7
208 15
242 12
267 20
3 20
103 4
246 20
247 13
249 7
255 4
260 5
261 3
271 5
275 5
23 6
41 2
59 16
96 13
205 6
255 19
285 7
37 15
39 12
40 9
70 4
75 9
129 10
198 16
209 5
233 10
244 18
66 20
149 8
153 11
171 11
225 15
251 18
273 5
32 10
76 14
78 14
241 8
243 14
252 4
263 19
266 6
274 17
275 13
70 15
98 10
118 19
127 6
143 13
166 4
255 6
16 2
74 15
83 3
118 9
161 9
173 14
213 5
239 8
16 9
108 13
129 11
207 18
214 11
234 12
0 19
131 16
132 15
155 19
207 3
239 14
7 4
154 10
237 18
255 15
258 1
281 16
26 14
54 19
232 19
256 13
265 13
282 16
290 3
14 3
42 3
111 11
233 1
235 20
255 19
259 19
262 19
264 8
294 16
51 8
158 4
235 13
250 16
271 19
278 15
281 5
295 13
73 11
126 18
144 20
145 13
190 8
250 12
262 3
281 7
285 17
296 17
3 4
62 11
116 11
147 9
213 10
235 7
40 17
45 3
101 13
136 3
145 8
149 19
150 1
200 17
209 1
214 12
231 6
247 16
248 12
23 3
55 16
85 1
109 6
159 7
171 3
238 18
254 17
293 5
15 16
37 6
79 1
153 7
239 4
258 10
267 15
268 5
290 3
296 1
32 5
82 10
153 20
155 13
256 18
262 16
276 18
277 16
283 20
0 12
23 8
43 5
57 7
82 10
251 17
286 11
35 6
55 11
93 2
116 5
178 6
231 3
235 4
236 19
240 6
244 15
246 19
43 9
92 10
173 16
187 11
202 16
245 13
253 18
284 16
299 8
26 19
46 8
67 14
125 8
231 11
265 1
279 10
294 3
296 15
42 9
61 6
100 17
101 3
125 15
146 12
148 20
220 16
244 1
252 10
99 13
117 6
119 15
140 5
246 19
265 10
296 10
77 7
214 13
235 5
268 1
278 7
279 1
284 9
299 15
99 9
108 4
127 5
143 1
189 17
207 2
231 16
235 3
34 7
104 16
144 14
214 6
246 19
248 3
253 16
265 12
23 8
32 18
35 13
129 9
137 8
220 9
239 19
22 3
59 18
68 17
105 9
110 8
141 7
204 18
207 17
246 8
35 9
103 20
143 5
170 4
206 8
224 7
245 13
257 1
259 10
262 12
39 18
71 7
73 8
88 17
97 11
173 16
239 6
47 19
86 13
120 10
171 20
176 16
220 2
221 11
225 11
234 20
252 15
82 13
125 12
252 5
260 1
291 5
292 14
293 8
0 11
24 12
37 1
39 10
40 16
98 10
118 11
159 7
208 7
209 18
79 4
220 17
290 13
292 7
299 17
22 19
92 7
145 11
162 3
167 19
224 11
235 5
247 19
57 11
62 5
95 9
121 6
147 16
214 7
25 15
75 20
121 17
156 8
159 12
161 20
162 20
178 15
189 2
238 5
4 9
27 13
88 6
103 10
116 1
187 4
226 11
232 17
239 17
64 14
176 3
235 5
239 13
276 9
291 18
298 14
50 5
253 18
275 9
280 19
289 20
156 13
175 17
202 11
253 16
282 9
287 4
288 4
91 10
100 15
102 13
145 12
206 11
232 19
247 15
260 7
295 4
42 1
73 20
118 7
133 18
198 7
226 1
257 10
260 1
290 17
10 2
141 10
183 6
207 2
224 3
276 19
28 3
63 5
95 2
129 17
180 16
244 16
247 5
248 7
15 15
65 3
202 2
245 16
277 9
283 10
287 14
290 2
291 4
296 15
0 15
13 11
44 8
62 17
81 3
92 17
99 12
133 6
211 3
253 20
282 10
51 18
96 6
184 1
205 17
209 7
256 16
260 9
8 6
68 3
69 2
120 3
148 11
166 6
189 8
236 7
248 17
9 10
13 12
44 8
45 14
175 17
254 11
290 3
298 2
299 10
11 9
77 11
87 10
126 17
150 4
277 4
282 14
289 2
11 9
24 1
55 2
133 13
182 2
220 14
277 4
42 7
110 8
127 4
133 11
276 20
287 2
82 8
171 16
196 10
245 3
252 3
270 13
279 17
282 2
286 3
44 5
120 8
121 2
268 5
275 18
282 4
38 5
68 4
161 5
170 8
176 16
197 6
198 17
225 9
268 14
270 7
33 17
68 4
129 2
251 5
268 8
294 12
296 16
298 18
299 2
75 4
101 8
141 9
192 20
246 16
257 3
293 12
52 10
110 11
118 8
119 20
223 14
247 13
278 4
36 5
126 3
155 10
202 10
213 2
248 17
252 1
257 15
259 10
282 15
293 16
28 18
36 1
62 11
187 7
220 18
298 1
1 18
27 6
92 13
125 16
177 16
187 17
224 5
275 14
286 2
293 18
297 1
105 4
202 17
206 7
256 8
260 15
270 17
286 10
293 2
